,856.760S(????Lb?r????b????r????b???r????j91243548,0.2111,4057.6172,856.760491243585,0.1584,4062.5000,643.343591243623,0.1848,4067.3828,751.469691243660,0.1584,4062.5000,643.343591243698,0.1848,4057.6172,749.665391243735,0.2111,4057.6172,856.760491243772,0.2111,4052.7344,855.729491243810,0.2111,4057.6172,856.760491243847,0.1320,4067.3828,536.764091243885,0.1320,4042.9688,533.542191243922,0.2111,4042.9688,853.667491243960,0.2903,4057.6172,1178.045591243998,0.1848,4057.6172,749.665391244036,0.2375,4057.6172,963.855491244073,0.2111,4057.6172,856.760491244110,0.1584,4067.3828,644.116891244148,0.1584,4042.9688,640.250591244185,0.1848,4057.6172,749.665391244223,0.2639,4057.6172,1070.950491244261,0.2111,4038.0859,852.636491244299,0.1584,4062.5000,643.343591244337,0.1848,4047.8516,747.861191244374,0.2111,4062.5000,857.791491244411,0.2111,4042.9688,853.667491244448,0.3167,4052.7344,1283.594091244487,0.2375,4062.5000,965.015391244524,0.1848,4047.8516,747.861191244562,0.1848,4057.6172,749.665391244599,0.1848,4057.6172,749.665391244637,0.1584,4057.6172,642.570391244675,0.2111,4057.6172,856.760491244711,0.3431,4057.6172,1392.235691244750,0.1584,4052.7344,641.797091244787,0.1848,4057.6172,749.665391244825,0.1848,4067.3828,751.469691244862,0.2111,4057.6172,856.760491244900,0.1848,4042.9688,746.959091244938,0.2375,4057.6172,963.855491244975,0.2111,4062.5000,857.791491245012,0.1584,4057.6172,642.570391245049,0.2639,4057.6172,1070.950491245088,0.2639,4067.3828,1073.528091245126,0.2111,4067.3828,858.822491245164,0.1848,4062.5000,750.567591245202,0.2375,4067.3828,966.175291245239,0.3167,4062.5000,1286.687091245278,0.1848,4067.3828,751.469691245315,0.1848,4062.5000,750.567591245352,0.2375,4057.6172,963.855491245389,0.1584,4057.6172,642.570391245427,0.1584,4042.9688,640.250591245464,0.1848,4057.6172,749.665391245502,0.1848,4057.6172,749.665391245540,0.1848,4062.5000,750.567591245577,0.2111,4067.3828,858.822491245615,0.2111,4062.5000,857.791491245651,0.3167,4062.5000,1286.687091245690,0.1320,4067.3828,536.764091245727,0.1848,4062.5000,750.567591245765,0.1584,4067.3828,644.116891245803,0.1848,4047.8516,747.861191245840,0.1848,4062.5000,750.567591245878,0.1848,4062.5000,750.567591245915,0.1584,4062.5000,643.343591245953,0.1848,4062.5000,750.567591245989,0.2903,4062.5000,1179.463191246028,0.2111,4062.5000,857.791491246065,0.1584,4052.7344,641.797091246103,0.1848,4052.7344,748.763291246141,0.3431,4057.6172,1392.235691246179,0.1848,4062.5000,750.567591246217,0.2375,4062.5000,965.015391246254,0.1848,4062.5000,750.567591246291,0.1320,4057.6172,535.475291246328,0.1848,4057.6172,749.665391246366,0.1848,4062.5000,750.567591246404,0.3431,4052.7344,1390.560391246442,0.1848,4057.6172,749.665391246480,0.2639,4057.6172,1070.950491246518,0.1584,4062.5000,643.343591246556,0.1320,4062.5000,536.119691246593,0.2375,4057.6172,963.855491246630,0.1848,4062.5000,750.567591246668,0.2903,4067.3828,1180.880791246706,0.2639,4062.5000,1072.239391246745,0.1584,4067.3828,644.116891246782,0.1848,4067.3828,751.469691246820,0.1584,4052.7344,641.797091246857,0.1848,4057.6172,749.665391246895,0.1584,4067.3828,644.116891246932,0.2111,4062.5000,857.791491246969,0.2375,4067.3828,966.175291247007,0.2111,4062.5000,857.791491247044,0.2639,4062.5000,1072.239391247083,0.1848,4067.3828,751.469691247120,0.2111,4057.6172,856.760491247158,0.2375,4062.5000,965.015391247195,0.1584,4062.5000,643.343591247233,0.1848,4057.6172,749.665391247270,0.3167,4057.6172,1285.140591247308,0.1584,4062.5000,643.343591247346,0.1848,4057.6172,749.665391247383,0.1848,4057.6172,749.665391247421,0.1848,4047.8516,747.861191247458,0.1848,4062.5000,750.567591247496,0.2375,4057.6172,963.855491247534,0.1848,4057.6172,749.665391247570,0.1584,4062.5000,643.343591247608,0.1584,4067.3828,644.116891247645,0.2111,4067.3828,858.822491247683,0.1584,4067.3828,644.116891247720,0.2375,4067.3828,966.175291247758,0.2375,4062.5000,965.015391247795,0.1848,4057.6172,749.665391247833,0.2111,4062.5000,857.791491247870,0.2375,4062.5000,965.015391247907,0.2111,4067.3828,858.822491247945,0.1320,4047.8516,534.186591247982,0.1584,4067.3828,644.116891248020,0.1848,4057.6172,749.665391248057,0.1848,4067.3828,751.469691248095,0.1848,4057.6172,749.665391248133,0.1848,4067.3828,751.469691248169,0.1848,4067.3828,751.469691248207,0.2111,4067.3828,858.822491248244,0.1584,4067.3828,644.116891248282,0.1584,4052.7344,641.797091248319,0.1848,4067.3828,751.469691248357,0.2111,4062.5000,857.791491248394,0.2111,4057.6172,856.760491248432,0.2111,4067.3828,858.822491248470,0.2375,4057.6172,963.855491248506,0.1848,4062.5000,750.567591248544,0.1848,4047.8516,747.861191248581,0.1848,4067.3828,751.469691248619,0.1848,4047.8516,747.861191248656,0.3167,4057.6172,1285.140591248695,0.2903,4062.5000,1179.463191248734,0.1584,4057.6172,642.570391248771,0.1848,4067.3828,751.469691248808,0.1848,4062.5000,750.567591248845,0.1584,4067.3828,644.116891248883,0.2639,4062.5000,1072.239391248921,0.2111,4062.5000,857.791491248959,0.1848,4067.3828,751.469691248997,0.1584,4062.5000,643.343591249034,0.2111,4062.5000,857.791491249072,0.1848,4062.5000,750.567591249108,0.1320,4067.3828,536.764091249146,0.1584,4067.3828,644.116891249183,0.1848,4067.3828,751.469691249221,0.1848,4062.5000,750.567591249258,0.1584,4067.3828,644.116891249296,0.2111,4052.7344,855.729491249334,0.2111,4067.3828,858.822491249371,0.3167,4062.5000,1286.687091249410,0.1320,4067.3828,536.764091249446,0.2639,4062.5000,1072.239391249485,0.1848,4067.3828,751.469691249522,0.3167,4062.5000,1286.687091249561,0.1848,4057.6172,749.665391249599,0.2375,4062.5000,965.015391249636,0.1584,4077.1484,645.663391249674,0.1848,4047.8516,747.861191249711,0.2111,4062.5000,857.791491249748,0.1848,4052.7344,748.763291249785,0.1848,4052.7344,748.763291249823,0.1848,4072.2656,752.371791249861,0.1848,4062.5000,750.567591249898,0.2111,4062.5000,857.791491249936,0.1584,4052.7344,641.797091249973,0.1584,4067.3828,644.116891250011,0.1848,4062.5000,750.567591250048,0.1584,4072.2656,644.890091250085,0.1848,4072.2656,752.371791250122,2.3490,3813.4766,8957.966891250161,2.1907,3803.7109,8332.665091250200,1.9531,3867.1875,7553.100691250238,1.8212,3852.5391,7016.079191250277,1.6628,3886.7188,6462.818891250315,1.4780,3916.0156,5788.029891250354,1.6892,3862.3047,6524.163691250392,1.5836,3911.1328,6193.728091250430,1.6364,3867.1875,6328.273491250469,1.7156,3881.8359,6659.610891250507,1.6628,3891.6016,6470.938091250546,1.6100,3872.0703,6234.065991250584,1.7948,3852.5391,6914.397091250623,1.6628,3847.6563,6397.866291250662,1.6892,3886.7188,6565.403391250700,1.7420,3872.0703,6745.055291250739,1.7948,3867.1875,6940.687091250777,1.7156,3901.3672,6693.118291250816,1.8739,3852.5391,7219.443491250853,1.7948,3891.6016,6984.504991250892,1.6364,3862.3047,6320.283291250931,1.8739,3862.3047,7237.743791250969,1.9003,3847.6563,7311.846791251008,1.8212,3837.8906,6989.401991251046,2.0323,3862.3047,7849.383891251085,2.0851,3813.4766,7951.453191251123,2.0323,3857.4219,7839.460491251162,2.1643,3818.3594,8263.974691251201,2.2435,3823.2422,8577.269591251238,2.1643,3828.1250,8285.110491251277,2.2171,3813.4766,8454.709091251315,2.0587,3837.8906,7901.063091251354,2.0587,3813.4766,7850.801891251393,2.0323,3852.5391,7829.537191251431,2.1115,3833.0078,8093.344291251470,2.0059,3823.2422,7669.087491251508,2.1379,3837.8906,8204.950291251547,2.0851,3808.5938,7941.272591251585,2.1907,3842.7734,8418.237391251623,2.1643,3813.4766,8253.407291251662,2.1379,3828.1250,8184.072391251700,2.1379,3813.4766,8152.755491251739,2.2171,3803.7109,8433.058691251777,2.1643,3833.0078,8295.677791251816,2.1907,3803.7109,8332.665091251854,2.2435,3828.1250,8588.223691251893,2.2435,3793.9453,8511.543991251932,2.1379,3808.5938,8142.316991251970,2.1643,3818.3594,8263.974691252008,2.1907,3823.2422,8375.451291252046,2.1907,3837.8906,8407.541091252085,2.1379,3793.9453,8111.000091252124,2.0851,3833.0078,7992.177791252162,2.1643,3808.5938,8242.839891252201,2.0587,3842.7734,7911.115291252239,2.1907,3818.3594,8364.754991252278,2.1907,3813.4766,8354.057691252316,2.2171,3823.2422,8476.360491252355,2.2698,3793.9453,8611.678791252393,2.1643,3837.8906,8306.246191252431,2.2435,3808.5938,8544.406391252470,2.2698,3823.2422,8678.177791252508,2.1643,3823.2422,8274.543091252547,2.1643,3798.8281,8221.704191252585,2.1907,3837.8906,8407.541091252624,2.1643,3803.7109,8232.271591252663,2.1379,3828.1250,8184.072391252701,2.1379,3808.5938,8142.316991252740,2.1643,3828.1250,8285.110491252777,2.1907,3828.1250,8386.147591252816,2.0851,3813.4766,7951.453191252854,2.1379,3842.7734,8215.388791252893,2.1907,3793.9453,8311.271591252932,2.2171,3828.1250,8487.185591252970,2.2171,3813.4766,8454.709091253009,2.2698,3813.4766,8656.011791253047,2.3226,3789.0625,8800.609491253086,2.2962,3779.2969,8678.178791253125,2.2698,3818.3594,8667.094791253163,2.2962,3769.5313,8655.753991253201,2.3226,3808.5938,8845.973691253239,2.2962,3813.4766,8756.663191253278,2.2435,3808.5938,8544.406391253316,2.2435,3818.3594,8566.315491253355,2.2171,3793.9453,8411.407291253394,2.2698,3818.3594,8667.094791253432,2.2698,3779.2969,8578.428791253471,2.1907,3813.4766,8354.057691253509,2.3226,3793.9453,8811.951291253548,2.2435,3789.0625,8500.588991253585,2.2435,3823.2422,8577.269591253624,2.2171,3789.0625,8400.582091253663,2.2435,3833.0078,8599.178791253701,2.1643,3798.8281,8221.704191253740,2.1907,3808.5938,8343.361391253778,2.1643,3808.5938,8242.839891253817,2.1379,3798.8281,8121.439091253856,2.2435,3818.3594,8566.315491253894,2.2962,3779.2969,8678.178791253933,2.2698,3818.3594,8667.094791253970,2.2698,3789.0625,8600.595791254009,2.1643,3793.9453,8211.135791254047,2.2435,3818.3594,8566.315491254086,2.2171,3779.2969,8378.930791254125,2.2171,3813.4766,8454.709091254163,2.2435,3793.9453,8511.543991254202,2.2962,3803.7109,8734.239391254240,2.2171,3813.4766,8454.709091254279,2.2698,3803.7109,8633.844791254317,2.1643,3818.3594,8263.974691254355,2.2171,3779.2969,8378.930791254394,2.1907,3823.2422,8375.451291254432,2.2435,3818.3594,8566.315491254471,2.2435,3798.8281,8522.498091254509,2.2171,3818.3594,8465.535291254548,2.2171,3779.2969,8378.930791254587,2.2171,3808.5938,8443.883891254625,2.2698,3803.7109,8633.844791254664,2.1907,3798.8281,8321.967891254702,2.2962,3813.4766,8756.663191254740,2.3490,3774.4141,8866.207091254778,2.4018,3793.9453,9112.358491254817,2.2435,3779.2969,8478.680791254856,2.2962,3808.5938,8745.451291254894,2.2962,3813.4766,8756.663191254933,2.1379,3793.9453,8111.000091254971,2.2435,3823.2422,8577.269591255010,2.1907,3784.1797,8289.877991255048,2.1907,3808.5938,8343.361391255087,2.2698,3818.3594,8667.094791255126,2.1907,3793.9453,8311.271591255163,2.2171,3828.1250,8487.185591255202,2.3490,3784.1797,8889.147591255240,2.2698,3798.8281,8622.761791255279,2.2698,3789.0625,8600.595791255317,2.2962,3789.0625,8700.602591255356,2.2962,3808.5938,8745.451291255395,2.2171,3779.2969,8378.930791255433,2.2171,3813.4766,8454.709091255472,2.2435,3779.2969,8478.680791255510,2.1643,3823.2422,8274.543091255548,2.2435,3823.2422,8577.269591255587,2.2435,3793.9453,8511.543991255625,2.2698,3823.2422,8678.177791255664,2.3490,3789.0625,8900.617291255702,2.3226,3798.8281,8823.292091255741,2.1643,3808.5938,8242.839891255779,2.2435,3793.9453,8511.543991255818,2.2698,3818.3594,8667.094791255857,2.2962,3789.0625,8700.602591255895,2.2435,3813.4766,8555.361391255933,2.2698,3803.7109,8633.844791255971,2.2698,3789.0625,8600.595791256010,2.2698,3803.7109,8633.844791256048,2.1379,3779.2969,8079.683691256087,2.2698,3813.4766,8656.011791256126,2.2435,3808.5938,8544.406391256164,2.2698,3793.9453,8611.678791256203,2.2435,3833.0078,8599.178791256241,2.2698,3774.4141,8567.345791256280,2.1907,3813.4766,8354.057691256318,2.1643,3813.4766,8253.407291256356,2.2171,3808.5938,8443.883891256395,2.2435,3808.5938,8544.406391256433,2.2435,3774.4141,8467.725691256472,2.2435,3813.4766,8555.361391256510,2.3226,3789.0625,8800.609491256549,2.2171,3813.4766,8454.709091256588,2.1643,3818.3594,8263.974691256626,2.1379,3793.9453,8111.000091256665,2.2435,3818.3594,8566.315491256702,2.2435,3798.8281,8522.498091256741,2.1643,3823.2422,8274.543091256779,2.2435,3828.1250,8588.223691256818,2.1907,3789.0625,8300.575291256857,2.1643,3818.3594,8263.974691256895,2.2698,3779.2969,8578.428791256934,2.2171,3789.0625,8400.582091256972,2.2698,3808.5938,8644.928791257011,2.2698,3789.0625,8600.595791257050,2.2698,3808.5938,8644.928791257088,2.2698,3784.1797,8589.511791257126,2.1907,3798.8281,8321.967891257164,2.1907,3803.7109,8332.665091257203,2.3226,3779.2969,8777.927791257241,2.1907,3818.3594,8364.754991257280,2.2698,3793.9453,8611.678791257319,2.1907,3813.4766,8354.057691257357,2.2435,3823.2422,8577.269591257396,2.2698,3789.0625,8600.595791257434,2.2698,3813.4766,8656.011791257473,2.2171,3789.0625,8400.582091257510,2.2962,3789.0625,8700.602591257549,2.3754,3813.4766,9058.617291257588,2.2698,3784.1797,8589.511791257626,2.2962,3813.4766,8756.663191257665,2.2435,3793.9453,8511.543991257703,2.2435,3813.4766,8555.361391257742,2.1907,3823.2422,8375.451291257780,2.1907,3789.0625,8300.575291257819,2.1907,3828.1250,8386.147591257858,2.1115,3818.3594,8062.414191257895,2.2435,3818.3594,8566.315491257934,2.1907,3828.1250,8386.147591257972,2.2698,3823.2422,8678.177791258011,2.2171,3793.9453,8411.407291258050,2.2435,3789.0625,8500.588991258088,2.2698,3798.8281,8622.761791258127,2.2171,3798.8281,8422.233491258165,2.1379,3764.6484,8048.366791258204,2.2698,3808.5938,8644.928791258242,2.2698,3789.0625,8600.595791258280,2.2698,3784.1797,8589.511791258319,2.3226,3818.3594,8868.656391258357,2.1907,3774.4141,8268.485491258396,2.3226,3798.8281,8823.292091258434,2.2171,3808.5938,8443.883891258473,2.2171,3793.9453,8411.407291258511,2.2435,3818.3594,8566.315491258550,2.1643,3779.2969,8179.433191258589,2.1379,3798.8281,8121.439091258627,2.1379,3818.3594,8163.194391258665,2.2171,3793.9453,8411.407291258703,2.1379,3823.2422,8173.633391258742,2.1643,3808.5938,8242.839891258781,2.2435,3823.2422,8577.269591258819,2.1643,3813.4766,8253.407291258858,2.2698,3793.9453,8611.678791258896,2.1907,3818.3594,8364.754991258935,2.1907,3769.5313,8257.788191258973,2.2962,3793.9453,8711.814591259012,2.2171,3803.7109,8433.058691259051,2.2171,3784.1797,8389.756891259088,2.2435,3813.4766,8555.361391259127,2.1379,3774.4141,8069.244691259165,2.2171,3793.9453,8411.407291259204,2.1643,3813.4766,8253.407291259242,2.1907,3784.1797,8289.877991259281,2.1643,3808.5938,8242.839891259320,2.2435,3793.9453,8511.543991259358,2.1115,3803.7109,8031.483991259397,2.2171,3813.4766,8454.709091259435,2.1907,3784.1797,8289.877991259473,2.1907,3808.5938,8343.361391259512,2.2171,3779.2969,8378.930791259550,2.2698,3798.8281,8622.761791259589,2.2171,3798.8281,8422.233491259627,2.2962,3784.1797,8689.390691259666,2.2171,3798.8281,8422.233491259704,2.1379,3818.3594,8163.194391259743,2.1115,3798.8281,8021.173891259782,2.0587,3833.0078,7891.010791259820,2.0587,3784.1797,7790.488391259858,2.1643,3813.4766,8253.407291259896,2.1379,3813.4766,8152.755491259935,2.1907,3779.2969,8279.181691259973,2.2962,3813.4766,8756.663191260012,2.3490,3793.9453,8912.086991260051,2.2698,3789.0625,8600.595791260089,2.2435,3813.4766,8555.361391260128,2.1643,3774.4141,8168.865291260166,2.1115,3818.3594,8062.414191260205,2.2171,3789.0625,8400.582091260242,2.2435,3769.5313,8456.771591260281,2.2171,3813.4766,8454.709091260320,2.2698,3779.2969,8578.428791260358,2.2171,3813.4766,8454.709091260397,2.2962,3798.8281,8723.027391260435,2.2435,3813.4766,8555.361391260474,2.1907,3818.3594,8364.754991260513,2.1907,3789.0625,8300.575291260551,2.1115,3808.5938,8041.793991260590,2.1115,3828.1250,8083.034291260627,2.0851,3808.5938,7941.272591260666,2.1115,3828.1250,8083.034291260704,2.1379,3793.9453,8111.000091260743,2.1643,3813.4766,8253.407291260782,2.2171,3803.7109,8433.058691260820,2.1379,3803.7109,8131.877991260859,2.1907,3808.5938,8343.361391260897,2.1115,3769.5313,7959.314091260936,2.1643,3808.5938,8242.839891260974,2.1379,3793.9453,8111.000091261012,2.1379,3789.0625,8100.561091261051,2.2435,3808.5938,8544.406391261089,2.1643,3774.4141,8168.865291261128,2.1907,3813.4766,8354.057691261166,2.2435,3789.0625,8500.588991261205,2.1643,3803.7109,8232.271591261244,2.1379,3808.5938,8142.316991261282,2.1115,3774.4141,7969.624091261321,2.1907,3813.4766,8354.057691261359,2.0323,3789.0625,7700.533291261398,2.1643,3789.0625,8200.568491261435,2.2171,3813.4766,8454.709091261474,2.2435,3784.1797,8489.634891261513,2.2435,3803.7109,8533.452191261551,2.3226,3784.1797,8789.268691261590,2.2698,3784.1797,8589.511791261628,2.4282,3798.8281,9224.350691261667,2.2962,3774.4141,8666.965891261705,2.3490,3789.0625,8900.617291261744,2.1907,3784.1797,8289.877991261783,2.1907,3789.0625,8300.575291261820,2.0851,3828.1250,7981.996691261859,2.1379,3793.9453,8111.000091261897,2.2171,3818.3594,8465.535291261936,2.0851,3808.5938,7941.272591261975,2.1379,3808.5938,8142.316991262013,2.1907,3828.1250,8386.147591262052,2.1907,3779.2969,8279.181691262090,2.2171,3808.5938,8443.883891262129,2.1643,3803.7109,8232.271591262167,2.2962,3789.0625,8700.602591262205,2.2171,3813.4766,8454.709091262244,2.2435,3769.5313,8456.771591262282,2.1907,3798.8281,8321.967891262321,2.2698,3793.9453,8611.678791262359,2.1907,3789.0625,8300.575291262398,2.1643,3813.4766,8253.407291262436,2.2171,3779.2969,8378.930791262475,2.1907,3793.9453,8311.271591262514,2.2962,3798.8281,8723.027391262552,2.2435,3779.2969,8478.680791262590,2.3226,3808.5938,8845.973691262628,2.1379,3764.6484,8048.366791262667,2.1907,3813.4766,8354.057691262705,2.2171,3813.4766,8454.709091262744,2.1643,3774.4141,8168.865291262783,2.1907,3828.1250,8386.147591262821,2.1907,3769.5313,8257.788191262860,2.2962,3808.5938,8745.451291262898,2.2171,3784.1797,8389.756891262937,2.2171,3789.0625,8400.582091262976,2.1379,3818.3594,8163.194391263013,2.2962,3779.2969,8678.178791263052,2.2435,3813.4766,8555.361391263090,2.2435,3808.5938,8544.406391263129,2.2698,3784.1797,8589.511791263167,2.1907,3803.7109,8332.665091263206,2.1643,3774.4141,8168.865291263245,2.2435,3779.2969,8478.680791263283,2.1907,3803.7109,8332.665091263322,2.3226,3789.0625,8800.609491263360,2.1907,3808.5938,8343.361391263398,2.2171,3784.1797,8389.756891263436,2.1379,3823.2422,8173.633391263475,2.1379,3808.5938,8142.316991263514,2.0851,3798.8281,7920.910291263552,2.1115,3823.2422,8072.724191263591,2.2698,3784.1797,8589.511791263629,2.2962,3798.8281,8723.027391263668,2.2698,3798.8281,8622.761791263707,2.1379,3798.8281,8121.439091263745,2.2171,3813.4766,8454.709091263783,2.1907,3764.6484,8247.091891263821,2.2171,3803.7109,8433.058691263860,2.2171,3798.8281,8422.233491263898,2.2435,3789.0625,8500.588991263937,2.2435,3808.5938,8544.406391263976,2.2171,3769.5313,8357.280391264014,2.1907,3813.4766,8354.057691264053,2.2698,3793.9453,8611.678791264091,2.2171,3784.1797,8389.756891264130,2.2698,3823.2422,8678.177791264167,2.2962,3779.2969,8678.178791264206,2.1907,3833.0078,8396.844791264245,2.0587,3784.1797,7790.488391264283,2.1379,3818.3594,8163.194391264322,2.1907,3823.2422,8375.451291264360,2.1643,3784.1797,8190.000591264399,2.1643,3813.4766,8253.407291264438,2.2698,3789.0625,8600.595791264476,2.2435,3789.0625,8500.588991264515,2.1907,3818.3594,8364.754991264552,2.3490,3779.2969,8877.677791264591,2.1379,3823.2422,8173.633391264629,2.1907,3784.1797,8289.877991264668,2.1907,3798.8281,8321.967891264707,2.2962,3774.4141,8666.965891264745,2.2435,3803.7109,8533.452191264784,2.1907,3803.7109,8332.665091264822,2.3490,3769.5313,8854.737391264861,2.3226,3803.7109,8834.632891264899,2.2698,3793.9453,8611.678791264937,2.1379,3803.7109,8131.877991264976,2.1115,3823.2422,8072.724191265014,2.2435,3793.9453,8511.543991265053,2.1907,3798.8281,8321.967891265091,2.1643,3769.5313,8158.297491265130,2.2171,3789.0625,8400.582091265168,2.1907,3793.9453,8311.271591265207,2.1907,3789.0625,8300.575291265246,2.1115,3818.3594,8062.414191265284,2.1379,3789.0625,8100.561091265323,2.1907,3813.4766,8354.057691265360,2.1643,3779.2969,8179.433191265399,2.2171,3789.0625,8400.582091265438,2.1907,3803.7109,8332.665091265476,2.2698,3764.6484,8545.179791265515,2.2171,3808.5938,8443.883891265553,2.2435,3774.4141,8467.725691265592,2.2698,3779.2969,8578.428791265630,2.2435,3793.9453,8511.543991265669,2.2435,3793.9453,8511.543991265708,2.2171,3823.2422,8476.360491265745,2.0851,3789.0625,7900.547991265784,2.1379,3813.4766,8152.755491265822,2.1643,3813.4766,8253.407291265861,2.2698,3769.5313,8556.262791265899,2.2171,3793.9453,8411.407291265938,2.2698,3769.5313,8556.262791265977,2.3754,3784.1797,8989.024491266015,2.1907,3798.8281,8321.967891266054,2.2698,3779.2969,8578.428791266092,2.2171,3808.5938,8443.883891266130,2.1379,3784.1797,8090.122691266169,2.1643,3793.9453,8211.135791266207,2.0587,3813.4766,7850.801891266246,2.1907,3779.2969,8279.181691266284,2.2435,3808.5938,8544.406391266323,2.2962,3764.6484,8644.542091266361,2.3490,3789.0625,8900.617291266400,2.3754,3798.8281,9023.821391266439,2.3226,3769.5313,8755.246191266477,2.2962,3813.4766,8756.663191266515,2.2435,3784.1797,8489.634891266553,2.1907,3789.0625,8300.575291266592,2.1907,3808.5938,8343.361391266630,2.1907,3769.5313,8257.788191266669,2.2698,3818.3594,8667.094791266708,2.2171,3779.2969,8378.930791266746,2.1115,3803.7109,8031.483991266785,2.1643,3813.4766,8253.407291266823,2.1643,3774.4141,8168.865291266862,2.1907,3813.4766,8354.057691266900,2.2171,3779.2969,8378.930791266938,2.2962,3779.2969,8678.178791266977,2.3226,3789.0625,8800.609491267015,2.4282,3759.7656,9129.499091267054,2.1907,3798.8281,8321.967891267092,2.3226,3784.1797,8789.268691267131,2.2435,3793.9453,8511.543991267170,2.1907,3803.7109,8332.665091267208,2.2171,3759.7656,8335.628991267247,2.3226,3803.7109,8834.632891267284,2.2171,3784.1797,8389.756891267323,2.1907,3798.8281,8321.967891267361,2.2171,3813.4766,8454.709091267400,2.1643,3784.1797,8190.000591267439,2.0851,3823.2422,7971.815491267477,2.1115,3798.8281,8021.173891267516,2.2171,3803.7109,8433.058691267554,2.2435,3808.5938,8544.406391267593,2.1907,3784.1797,8289.877991267631,2.2698,3798.8281,8622.761791267670,2.2435,3759.7656,8434.863391267708,2.4282,3789.0625,9200.637791267746,2.2698,3798.8281,8622.761791267785,2.3226,3774.4141,8766.586991267823,2.2698,3769.5313,8556.262791267862,2.2435,3759.7656,8434.863391267901,2.2171,3793.9453,8411.407291267939,2.2435,3793.9453,8511.543991267978,2.2435,3774.4141,8467.725691268016,2.2435,3803.7109,8533.452191268055,2.1379,3759.7656,8037.928291268092,2.1907,3803.7109,8332.665091268131,2.1643,3803.7109,8232.271591268170,2.2171,3789.0625,8400.582091268208,2.1379,3818.3594,8163.194391268247,2.1907,3769.5313,8257.788191268285,2.2698,3789.0625,8600.595791268324,2.2698,3808.5938,8644.928791268362,2.3490,3769.5313,8854.737391268401,2.2698,3803.7109,8633.844791268440,2.2698,3764.6484,8545.179791268477,2.2962,3803.7109,8734.239391268516,2.0587,3798.8281,7820.645091268554,2.1379,3784.1797,8090.122691268593,2.1379,3818.3594,8163.194391268632,2.1643,3789.0625,8200.568491268670,2.1379,3798.8281,8121.439091268709,2.3226,3789.0625,8800.609491268747,2.1643,3803.7109,8232.271591268786,2.1643,3808.5938,8242.839891268824,2.1643,3769.5313,8158.297491268862,2.1379,3808.5938,8142.316991268901,2.2962,3798.8281,8723.027391268939,2.1643,3808.5938,8242.839891268978,2.1643,3803.7109,8232.271591269016,2.2171,3759.7656,8335.628991269055,2.2962,3808.5938,8745.451291269093,2.4546,3764.6484,9240.716891269132,2.3226,3798.8281,8823.292091269171,2.2435,3798.8281,8522.498091269209,2.2698,3784.1797,8589.511791269248,2.2962,3793.9453,8711.814591269285,2.3490,3759.7656,8831.797991269324,2.3226,3803.7109,8834.632891269363,2.2435,3793.9453,8511.543991269401,2.2962,3793.9453,8711.814591269440,2.2698,3818.3594,8667.094791269478,2.2698,3764.6484,8545.179791269517,2.2435,3789.0625,8500.588991269555,2.2435,3793.9453,8511.543991269594,2.1643,3789.0625,8200.568491269633,2.2171,3818.3594,8465.535291269670,2.1379,3779.2969,8079.683691269709,2.2962,3823.2422,8779.087991269747,2.2698,3789.0625,8600.595791269786,2.3490,3798.8281,8923.556691269824,2.2962,3803.7109,8734.239391269863,2.3226,3769.5313,8755.246191269902,2.2962,3798.8281,8723.027391269940,2.3226,3769.5313,8755.246191269979,2.2435,3784.1797,8489.634891270017,2.2435,3808.5938,8544.406391270055,2.1643,3779.2969,8179.433191270093,2.1379,3793.9453,8111.000091270132,2.2435,3769.5313,8456.771591270171,2.2171,3808.5938,8443.883891270209,2.2435,3774.4141,8467.725691270248,2.2962,3779.2969,8678.178791270286,2.2698,3759.7656,8534.095791270325,2.3226,3769.5313,8755.246191270364,2.2435,3803.7109,8533.452191270402,2.1907,3784.1797,8289.877991270440,2.1643,3798.8281,8221.704191270478,2.1643,3808.5938,8242.839891270517,2.2435,3789.0625,8500.588991270555,2.2698,3818.3594,8667.094791270594,2.1379,3789.0625,8100.561091270633,2.1643,3798.8281,8221.704191270671,2.2171,3784.1797,8389.756891270710,2.2171,3784.1797,8389.756891270748,2.2171,3803.7109,8433.058691270787,2.1907,3769.5313,8257.788191270824,2.1907,3803.7109,8332.665091270863,2.2962,3789.0625,8700.602591270902,2.1643,3793.9453,8211.135791270940,2.2698,3803.7109,8633.844791270979,2.4018,3759.7656,9030.264691271017,2.3226,3798.8281,8823.292091271056,2.4018,3774.4141,9065.447391271095,2.2435,3793.9453,8511.543991271133,2.2435,3789.0625,8500.588991271172,2.1379,3769.5313,8058.805791271209,2.2435,3813.4766,8555.361391271248,2.1907,3769.5313,8257.788191271286,2.2171,3808.5938,8443.883891271325,2.2171,3808.5938,8443.883891271364,2.1643,3764.6484,8147.730091271402,2.2435,3808.5938,8544.406391271441,2.2171,3759.7656,8335.628991271479,2.1643,3803.7109,8232.271591271518,2.2171,3784.1797,8389.756891271556,2.2171,3779.2969,8378.930791271595,2.2698,3803.7109,8633.844791271633,2.2962,3750.0000,8610.905391271671,2.4018,3793.9453,9112.358491271710,2.3490,3769.5313,8854.737391271748,2.2962,3798.8281,8723.027391271787,2.2171,3789.0625,8400.582091271826,2.1907,3784.1797,8289.877991271864,2.1115,3808.5938,8041.793991271903,2.1907,3769.5313,8257.788191271941,2.2698,3803.7109,8633.844791271980,2.2698,3784.1797,8589.511791272017,2.2962,3789.0625,8700.602591272056,2.2171,3808.5938,8443.883891272095,2.1643,3764.6484,8147.730091272133,2.2171,3813.4766,8454.709091272172,2.3226,3774.4141,8766.586991272210,2.2171,3779.2969,8378.930791272249,2.3226,3789.0625,8800.609491272287,2.2435,3774.4141,8467.725691272326,2.2435,3798.8281,8522.498091272365,2.1907,3754.8828,8225.698291272402,2.2698,3789.0625,8600.595791272441,2.2435,3789.0625,8500.588991272479,2.1907,3789.0625,8300.575291272518,2.2171,3818.3594,8465.535291272556,2.1643,3784.1797,8190.000591272595,2.2435,3813.4766,8555.361391272634,2.2698,3769.5313,8556.262791272672,2.3226,3789.0625,8800.609491272711,2.2698,3784.1797,8589.511791272749,2.2962,3789.0625,8700.602591272787,2.3490,3779.2969,8877.677791272826,2.4282,3745.1172,9093.929791272864,2.3490,3789.0625,8900.617291272903,2.2698,3764.6484,8545.179791272941,2.3226,3769.5313,8755.246191272980,2.2171,3803.7109,8433.058691273018,2.2962,3764.6484,8644.542091273057,2.2435,3793.9453,8511.543991273096,2.1907,3789.0625,8300.575291273134,2.2171,3789.0625,8400.582091273172,2.2171,3813.4766,8454.709091273210,2.2171,3764.6484,8346.454191273249,2.1907,3818.3594,8364.754991273287,2.2698,3798.8281,8622.761791273326,2.2171,3784.1797,8389.756891273365,2.3226,3808.5938,8845.973691273403,2.2698,3769.5313,8556.262791273442,2.2435,3798.8281,8522.498091273480,2.1643,3784.1797,8190.000591273519,2.2171,3784.1797,8389.756891273558,2.2698,3803.7109,8633.844791273595,2.2171,3769.5313,8357.280391273634,2.2435,3798.8281,8522.498091273672,2.2962,3774.4141,8666.965891273711,2.2698,3784.1797,8589.511791273749,2.2435,3813.4766,8555.361391273788,2.2435,3764.6484,8445.817491273827,2.1643,3808.5938,8242.839891273865,2.1643,3789.0625,8200.568491273904,2.2171,3793.9453,8411.407291273942,2.2171,3803.7109,8433.058691273980,2.1643,3750.0000,8116.026491274018,2.2698,3798.8281,8622.761791274057,2.2435,3784.1797,8489.634891274096,2.1907,3793.9453,8311.271591274134,2.1907,3808.5938,8343.361391274173,2.2698,3779.2969,8578.428791274211,2.1907,3808.5938,8343.361391274250,2.2698,3784.1797,8589.511791274289,2.3490,3793.9453,8912.086991274327,2.2962,3798.8281,8723.027391274365,2.2962,3769.5313,8655.753991274403,2.2435,3789.0625,8500.588991274442,2.2698,3769.5313,8556.262791274480,2.2698,3789.0625,8600.595791274519,2.2698,3789.0625,8600.595791274558,2.3226,3779.2969,8777.927791274596,2.1115,3833.0078,8093.344291274635,2.1907,3759.7656,8236.395591274673,2.1379,3803.7109,8131.877991274712,2.2435,3789.0625,8500.588991274749,2.1643,3798.8281,8221.704191274788,2.3226,3808.5938,8845.973691274827,2.3490,3764.6484,8843.267691274865,2.2962,3798.8281,8723.027391274904,2.2171,3769.5313,8357.280391274942,2.3754,3789.0625,9000.623091274981,2.3490,3789.0625,8900.617291275019,2.3754,3769.5313,8954.228591275058,2.3490,3808.5938,8946.496191275097,2.2171,3759.7656,8335.628991275134,2.1907,3798.8281,8321.967891275173,2.2171,3793.9453,8411.407291275211,2.1379,3818.3594,8163.194391275250,2.2435,3818.3594,8566.315491275289,2.2435,3769.5313,8456.771591275327,2.2435,3803.7109,8533.452191275366,2.2171,3789.0625,8400.582091275404,2.1907,3784.1797,8289.877991275443,2.2171,3803.7109,8433.058691275481,2.2698,3769.5313,8556.262791275520,2.3490,3789.0625,8900.617291275558,2.1907,3793.9453,8311.271591275596,2.1907,3798.8281,8321.967891275635,2.2171,3813.4766,8454.709091275673,2.1643,3779.2969,8179.433191275712,2.1379,3823.2422,8173.633391275750,2.1643,3784.1797,8190.000591275789,2.1115,3789.0625,8000.554291275828,2.1379,3798.8281,8121.439091275866,2.1379,3769.5313,8058.805791275905,2.1907,3798.8281,8321.967891275942,2.3226,3759.7656,8732.563591275981,2.3490,3798.8281,8923.556691276020,2.2698,3779.2969,8578.428791276058,2.4282,3779.2969,9176.924891276097,2.2698,3798.8281,8622.761791276135,2.2698,3774.4141,8567.345791276174,2.2698,3808.5938,8644.928791276212,2.2171,3784.1797,8389.756891276251,2.1907,3798.8281,8321.967891276290,2.1115,3813.4766,8052.104091276327,2.1379,3779.2969,8079.683691276366,2.1379,3808.5938,8142.316991276404,2.1379,3769.5313,8058.805791276443,2.2435,3798.8281,8522.498091276481,2.2171,3793.9453,8411.407291276520,2.2171,3779.2969,8378.930791276559,2.1907,3808.5938,8343.361391276597,2.2171,3774.4141,8368.105591276636,2.2435,3789.0625,8500.588991276674,2.1907,3784.1797,8289.877991276712,2.2962,3793.9453,8711.814591276751,2.1643,3808.5938,8242.839891276789,2.2171,3750.0000,8313.977591276828,2.2962,3808.5938,8745.451291276866,2.1379,3784.1797,8090.122691276905,2.2435,3793.9453,8511.543991276943,2.1907,3803.7109,8332.665091276982,2.1643,3774.4141,8168.865291277021,2.2171,3803.7109,8433.058691277059,2.1379,3789.0625,8100.561091277097,2.1115,3803.7109,8031.483991277135,2.1907,3803.7109,8332.665091277174,2.2962,3779.2969,8678.178791277212,2.3226,3798.8281,8823.292091277251,2.2698,3769.5313,8556.262791277290,2.3226,3793.9453,8811.951291277328,2.2171,3774.4141,8368.105591277367,2.1643,3784.1797,8190.000591277405,2.2435,3803.7109,8533.452191277444,2.2698,3779.2969,8578.428791277481,2.1907,3808.5938,8343.361391277520,2.3754,3779.2969,8977.425891277559,2.1907,3793.9453,8311.271591277597,2.1907,3798.8281,8321.967891277636,2.3490,3779.2969,8877.677791277674,2.2171,3764.6484,8346.454191277713,2.1907,3774.4141,8268.485491277752,2.1907,3793.9453,8311.271591277790,2.2171,3798.8281,8422.233491277829,2.1643,3779.2969,8179.433191277867,2.2962,3808.5938,8745.451291277905,2.2698,3774.4141,8567.345791277943,2.2962,3813.4766,8756.663191277982,2.2171,3769.5313,8357.280391278021,2.2698,3793.9453,8611.678791278059,2.2171,3808.5938,8443.883891278098,2.1379,3784.1797,8090.122691278136,2.2962,3803.7109,8734.239391278175,2.2171,3769.5313,8357.280391278213,2.1643,3808.5938,8242.839891278252,2.1907,3789.0625,8300.575291278290,2.0851,3798.8281,7920.910291278328,2.1643,3803.7109,8232.271591278367,2.2435,3764.6484,8445.817491278405,2.2171,3808.5938,8443.883891278444,2.2171,3764.6484,8346.454191278483,2.2435,3793.9453,8511.543991278521,2.1643,3779.2969,8179.433191278560,2.1379,3789.0625,8100.561091278598,2.1379,3813.4766,8152.755491278637,2.1379,3784.1797,8090.122691278674,2.0587,3803.7109,7830.697391278713,2.0851,3779.2969,7880.185591278752,2.0851,3793.9453,7910.729091278790,2.0851,3813.4766,7951.453191278829,2.1643,3789.0625,8200.568491278867,2.1907,3818.3594,8364.754991278906,2.2698,3774.4141,8567.345791278944,2.1643,3798.8281,8221.704191278983,2.3226,3779.2969,8777.927791279022,2.3226,3779.2969,8777.927791279059,2.2962,3793.9453,8711.814591279098,2.2698,3774.4141,8567.345791279136,2.2962,3813.4766,8756.663191279175,2.2435,3769.5313,8456.771591279214,2.1643,3813.4766,8253.407291279252,2.2698,3798.8281,8622.761791279291,2.1643,3774.4141,8168.865291279329,2.1379,3818.3594,8163.194391279368,2.1643,3774.4141,8168.865291279406,2.1643,3813.4766,8253.407291279444,2.1379,3779.2969,8079.683691279483,2.1907,3784.1797,8289.877991279521,2.2171,3813.4766,8454.709091279560,2.3226,3769.5313,8755.246191279598,2.2171,3798.8281,8422.233491279637,2.2435,3754.8828,8423.908291279675,2.1643,3798.8281,8221.704191279714,2.2962,3798.8281,8723.027391279753,2.2698,3789.0625,8600.595791279791,2.0587,3813.4766,7850.801891279830,2.1115,3774.4141,7969.624091279867,2.1379,3808.5938,8142.316991279906,2.1907,3779.2969,8279.181691279944,2.1907,3774.4141,8268.485491279983,2.2435,3813.4766,8555.361391280022,2.2171,3774.4141,8368.105591280060,2.0587,3823.2422,7870.906391280099,2.0587,3798.8281,7820.645091280137,2.0587,3818.3594,7860.854091280176,2.1115,3823.2422,8072.724191280215,2.0323,3789.0625,7700.533291280252,2.0587,3823.2422,7870.906391280291,2.1379,3774.4141,8069.244691280329,2.3490,3798.8281,8923.556691280368,2.3490,3764.6484,8843.267691280406,2.4282,3759.7656,9129.499091280445,2.3226,3789.0625,8800.609491280484,2.3754,3754.8828,8919.432691280522,2.3226,3798.8281,8823.292091280561,2.1907,3784.1797,8289.877991280599,2.2698,3798.8281,8622.761791280637,2.1379,3798.8281,8121.439091280675,2.2962,3779.2969,8678.178791280714,2.2171,3813.4766,8454.709091280753,2.2435,3764.6484,8445.817491280791,2.1907,3798.8281,8321.967891280830,2.1115,3789.0625,8000.554291280868,2.2435,3789.0625,8500.588991280907,2.1907,3813.4766,8354.057691280946,2.1379,3774.4141,8069.244691280984,2.1907,3813.4766,8354.057691281022,2.0587,3774.4141,7770.383891281060,2.1379,3813.4766,8152.755491281099,2.0851,3808.5938,7941.272591281137,2.1379,3798.8281,8121.439091281176,2.2962,3808.5938,8745.451291281215,2.1907,3774.4141,8268.485491281253,2.3490,3798.8281,8923.556691281292,2.2698,3764.6484,8545.179791281330,2.2171,3779.2969,8378.930791281369,2.2698,3789.0625,8600.595791281406,2.2435,3774.4141,8467.725691281445,2.2962,3803.7109,8734.239391281484,2.1643,3759.7656,8137.162191281522,2.1643,3813.4766,8253.407291281561,2.0851,3779.2969,7880.185591281599,2.2171,3789.0625,8400.582091281638,2.1379,3789.0625,8100.561091281677,2.1907,3798.8281,8321.967891281715,2.2171,3813.4766,8454.709091281754,2.1379,3769.5313,8058.805791281792,2.2962,3798.8281,8723.027391281830,2.1643,3779.2969,8179.433191281868,2.2171,3793.9453,8411.407291281907,2.2435,3784.1797,8489.634891281946,2.2171,3784.1797,8389.756891281984,2.2171,3813.4766,8454.709091282023,2.2171,3764.6484,8346.454191282061,2.1643,3798.8281,8221.704191282100,2.3226,3769.5313,8755.246191282138,2.2435,3789.0625,8500.588991282177,2.2435,3793.9453,8511.543991282215,2.1907,3784.1797,8289.877991282253,2.2962,3818.3594,8767.875091282292,2.1907,3754.8828,8225.698291282330,2.1643,3808.5938,8242.839891282369,2.1115,3793.9453,8010.864391282407,2.2171,3784.1797,8389.756891282446,2.2435,3798.8281,8522.498091282485,2.2171,3779.2969,8378.930791282523,2.1379,3818.3594,8163.194391282562,2.2962,3764.6484,8644.542091282599,2.2435,3798.8281,8522.498091282638,2.2962,3779.2969,8678.178791282677,2.3754,3774.4141,8965.827191282715,2.2962,3793.9453,8711.814591282754,2.3226,3750.0000,8709.881891282792,2.3490,3789.0625,8900.617291282831,2.3754,3769.5313,8954.228591282869,2.2435,3789.0625,8500.588991282908,2.2962,3774.4141,8666.965891282947,2.2698,3774.4141,8567.345791282984,2.3226,3813.4766,8857.314591283023,2.2171,3769.5313,8357.280391283061,2.1907,3793.9453,8311.271591283100,2.2171,3779.2969,8378.930791283138,2.2698,3784.1797,8589.511791283177,2.2171,3808.5938,8443.883891283216,2.2171,3774.4141,8368.105591283254,2.2435,3813.4766,8555.361391283293,2.1907,3779.2969,8279.181691283331,2.2171,3808.5938,8443.883891283369,2.2171,3793.9453,8411.407291283408,2.2435,3779.2969,8478.680791283446,2.2698,3798.8281,8622.761791283485,2.2171,3759.7656,8335.628991283523,2.2698,3793.9453,8611.678791283562,2.3490,3789.0625,8900.617291283600,2.2435,3793.9453,8511.543991283639,2.3226,3793.9453,8811.951291283678,2.2698,3759.7656,8534.095791283716,2.4546,3798.8281,9324.615291283755,2.2962,3759.7656,8633.330191283792,2.3490,3793.9453,8912.086991283831,2.2435,3769.5313,8456.771591283869,2.1907,3789.0625,8300.575291283908,2.4018,3789.0625,9100.630991283947,2.2435,3754.8828,8423.908291283985,2.4546,3798.8281,9324.615291284024,2.3490,3759.7656,8831.797991284062,2.2698,3789.0625,8600.595791284101,2.2698,3793.9453,8611.678791284140,2.2698,3779.2969,8578.428791284177,2.2435,3818.3594,8566.315491284216,2.1115,3764.6484,7949.003991284254,2.1643,3813.4766,8253.407291284293,2.1379,3789.0625,8100.561091284331,2.2171,3789.0625,8400.582091284370,2.1907,3789.0625,8300.575291284409,2.2171,3779.2969,8378.930791284447,2.2435,3789.0625,8500.588991284486,2.2171,3754.8828,8324.803791284524,2.2435,3793.9453,8511.543991284562,2.2435,3784.1797,8489.634891284600,2.2962,3754.8828,8622.118291284639,2.2698,3789.0625,8600.595791284678,2.2171,3759.7656,8335.628991284716,2.2698,3784.1797,8589.511791284755,2.3226,3754.8828,8721.222791284793,2.3226,3784.1797,8789.268691284832,2.2171,3774.4141,8368.105591284870,2.2435,3769.5313,8456.771591284909,2.2435,3803.7109,8533.452191284947,2.2435,3759.7656,8434.863391284985,2.2698,3789.0625,8600.595791285024,2.2435,3789.0625,8500.588991285062,2.2171,3803.7109,8433.058691285101,2.2698,3803.7109,8633.844791285140,2.2435,3754.8828,8423.908291285178,2.2698,3774.4141,8567.345791285217,2.2698,3759.7656,8534.095791285255,2.4546,3774.4141,9264.687591285294,2.3226,3774.4141,8766.586991285331,2.3490,3754.8828,8820.328191285370,2.3490,3784.1797,8889.147591285409,2.3490,3750.0000,8808.858491285447,2.2962,3774.4141,8666.965891285486,2.3754,3769.5313,8954.228591285524,2.2962,3779.2969,8678.178791285563,2.2698,3808.5938,8644.928791285601,2.3226,3769.5313,8755.246191285640,2.2435,3798.8281,8522.498091285679,2.2698,3769.5313,8556.262791285716,2.3226,3784.1797,8789.268691285755,2.2435,3789.0625,8500.588991285793,2.3754,3769.5313,8954.228591285832,2.2435,3793.9453,8511.543991285871,2.1643,3769.5313,8158.297491285909,2.2171,3798.8281,8422.233491285948,2.2171,3774.4141,8368.105591285986,2.1379,3789.0625,8100.561091286025,2.2962,3784.1797,8689.390691286063,2.1907,3769.5313,8257.788191286102,2.2962,3798.8281,8723.027391286140,2.3226,3754.8828,8721.222791286178,2.2698,3784.1797,8589.511791286217,2.2698,3784.1797,8589.511791286255,2.2435,3769.5313,8456.771591286294,2.2962,3774.4141,8666.965891286332,2.2962,3750.0000,8610.905391286371,2.3490,3784.1797,8889.147591286410,2.3226,3759.7656,8732.563591286448,2.3754,3779.2969,8977.425891286487,2.2698,3793.9453,8611.678791286524,2.2962,3764.6484,8644.542091286563,2.2171,3808.5938,8443.883891286602,2.1643,3769.5313,8158.297491286640,2.1907,3784.1797,8289.877991286679,2.2698,3808.5938,8644.928791286717,2.1379,3779.2969,8079.683691286756,2.1907,3808.5938,8343.361391286794,2.1379,3759.7656,8037.928291286833,2.3226,3808.5938,8845.973691286872,2.2171,3774.4141,8368.105591286909,2.2171,3789.0625,8400.582091286948,2.2171,3793.9453,8411.407291286986,2.3490,3769.5313,8854.737391287025,2.1643,3789.0625,8200.568491287063,2.2698,3764.6484,8545.179791287102,2.2698,3798.8281,8622.761791287141,2.2171,3779.2969,8378.930791287179,2.3226,3784.1797,8789.268691287218,2.2962,3803.7109,8734.239391287256,2.1907,3764.6484,8247.091891287294,2.1907,3808.5938,8343.361391287332,2.1643,3784.1797,8190.000591287371,2.2698,3784.1797,8589.511791287410,2.2171,3784.1797,8389.756891287448,2.2962,3759.7656,8633.330191287487,2.2962,3784.1797,8689.390691287525,2.2435,3789.0625,8500.588991287564,2.2698,3798.8281,8622.761791287603,2.1907,3774.4141,8268.485491287641,2.0323,3798.8281,7720.379991287680,2.1379,3803.7109,8131.877991287717,2.1907,3779.2969,8279.181691287756,2.1907,3808.5938,8343.361391287794,2.1907,3764.6484,8247.091891287833,2.1643,3808.5938,8242.839891287872,2.1907,3779.2969,8279.181691287910,2.1379,3793.9453,8111.000091287949,2.2171,3808.5938,8443.883891287987,2.0851,3769.5313,7859.823291288026,2.1907,3808.5938,8343.361391288064,2.2171,3774.4141,8368.105591288102,2.2962,3793.9453,8711.814591288141,2.1907,3779.2969,8279.181691288179,2.1907,3798.8281,8321.967891288218,2.2698,3789.0625,8600.595791288256,2.1907,3784.1797,8289.877991288295,2.2435,3798.8281,8522.498091288334,2.2435,3774.4141,8467.725691288372,2.2171,3798.8281,8422.233491288411,2.1379,3769.5313,8058.805791288449,2.2171,3793.9453,8411.407291288487,2.2698,3798.8281,8622.761791288525,2.2171,3784.1797,8389.756891288564,2.1907,3808.5938,8343.361391288603,2.1907,3769.5313,8257.788191288641,2.2171,3798.8281,8422.233491288680,2.2171,3764.6484,8346.454191288718,2.1907,3793.9453,8311.271591288757,2.2698,3779.2969,8578.428791288795,2.2435,3789.0625,8500.588991288834,2.2171,3789.0625,8400.582091288872,2.1379,3789.0625,8100.561091288910,2.1115,3813.4766,8052.104091288949,2.1379,3774.4141,8069.244691288987,2.1907,3803.7109,8332.665091289026,2.2171,3769.5313,8357.280391289065,2.1643,3798.8281,8221.704191289103,2.1115,3789.0625,8000.554291289142,2.1379,3789.0625,8100.561091289180,2.1643,3803.7109,8232.271591289219,2.3490,3779.2969,8877.677791289256,2.1907,3813.4766,8354.057691289295,2.1643,3774.4141,8168.865291289334,2.1379,3808.5938,8142.316991289372,2.1907,3789.0625,8300.575291289411,2.2435,3789.0625,8500.588991289449,2.1643,3808.5938,8242.839891289488,2.1379,3784.1797,8090.122691289526,2.2698,3803.7109,8633.844791289565,2.2435,3769.5313,8456.771591289604,2.2962,3798.8281,8723.027391289641,2.2435,3774.4141,8467.725691289680,2.2435,3779.2969,8478.680791289718,2.1907,3803.7109,8332.665091289757,2.1643,3774.4141,8168.865291289795,2.2435,3798.8281,8522.498091289834,2.1115,3779.2969,7979.934191289873,2.1643,3808.5938,8242.839891289911,2.2171,3779.2969,8378.930791289950,2.0851,3798.8281,7920.910291289988,2.2962,3774.4141,8666.965891290027,2.2171,3784.1797,8389.756891290065,2.2435,3798.8281,8522.498091290103,2.3226,3764.6484,8743.905391290142,2.3754,3789.0625,9000.623091290180,2.2698,3769.5313,8556.262791290219,2.2435,3774.4141,8467.725691290257,2.2435,3784.1797,8489.634891290296,2.2435,3769.5313,8456.771591290335,2.2962,3808.5938,8745.451291290373,2.1643,3764.6484,8147.730091290412,2.1907,3803.7109,8332.665091290449,2.2435,3784.1797,8489.634891290488,2.1907,3798.8281,8321.967891290526,2.2171,3808.5938,8443.883891290565,2.1643,3774.4141,8168.865291290604,2.2435,3808.5938,8544.406391290642,2.2171,3750.0000,8313.977591290681,2.1115,3793.9453,8010.864391290719,2.2171,3774.4141,8368.105591290758,2.2962,3779.2969,8678.178791290797,2.2962,3774.4141,8666.965891290834,2.3490,3769.5313,8854.737391290873,2.2171,3808.5938,8443.883891290911,2.1379,3750.0000,8017.050391290950,2.1643,3808.5938,8242.839891290988,2.1379,3793.9453,8111.000091291027,2.1379,3803.7109,8131.877991291066,2.1379,3793.9453,8111.000091291104,2.0587,3793.9453,7810.592891291143,2.1379,3803.7109,8131.877991291181,2.1115,3774.4141,7969.624091291219,2.2698,3803.7109,8633.844791291257,2.2435,3769.5313,8456.771591291296,2.1907,3793.9453,8311.271591291335,2.2698,3774.4141,8567.345791291373,2.2962,3784.1797,8689.390691291412,2.2698,3793.9453,8611.678791291450,2.2698,3769.5313,8556.262791291489,2.3754,3798.8281,9023.821391291528,2.2698,3764.6484,8545.179791291566,2.1907,3803.7109,8332.665091291604,2.2171,3769.5313,8357.280391291642,2.1907,3784.1797,8289.877991291681,2.2435,3784.1797,8489.634891291719,2.1379,3769.5313,8058.805791291758,2.2435,3813.4766,8555.361391291797,2.1907,3769.5313,8257.788191291835,2.1907,3784.1797,8289.877991291874,2.2698,3769.5313,8556.262791291912,2.2698,3779.2969,8578.428791291951,2.2698,3793.9453,8611.678791291988,2.3226,3759.7656,8732.563591292027,2.3490,3793.9453,8912.086991292066,2.2698,3759.7656,8534.095791292104,2.3226,3793.9453,8811.951291292143,2.1907,3779.2969,8279.181691292181,2.2435,3779.2969,8478.680791292220,2.3490,3793.9453,8912.086991292258,2.2171,3769.5313,8357.280391292297,2.1907,3803.7109,8332.665091292336,2.1379,3769.5313,8058.805791292374,2.2698,3798.8281,8622.761791292412,2.2698,3769.5313,8556.262791292450,2.3490,3774.4141,8866.207091292489,2.2698,3779.2969,8578.428791292528,2.2698,3774.4141,8567.345791292566,2.2435,3793.9453,8511.543991292605,2.2435,3750.0000,8412.954191292643,2.2698,3793.9453,8611.678791292682,2.1907,3764.6484,8247.091891292720,2.1907,3793.9453,8311.271591292759,2.2962,3784.1797,8689.390691292797,2.2435,3779.2969,8478.680791292835,2.3226,3793.9453,8811.951291292874,2.2698,3764.6484,8545.179791292912,2.2698,3803.7109,8633.844791292951,2.4018,3759.7656,9030.264691292989,2.2698,3793.9453,8611.678791293028,2.1379,3774.4141,8069.244691293067,2.1907,3784.1797,8289.877991293105,2.3226,3779.2969,8777.927791293144,2.1643,3764.6484,8147.730091293181,2.2962,3784.1797,8689.390691293220,2.2962,3769.5313,8655.753991293259,2.3226,3793.9453,8811.951291293297,2.2435,3754.8828,8423.908291293336,2.2962,3784.1797,8689.390691293374,2.3226,3774.4141,8766.586991293413,2.3490,3764.6484,8843.267691293451,2.2171,3803.7109,8433.058691293490,2.3226,3774.4141,8766.586991293529,2.2171,3798.8281,8422.233491293566,2.2171,3764.6484,8346.454191293605,2.1907,3793.9453,8311.271591293643,2.2171,3779.2969,8378.930791293682,2.1115,3784.1797,7990.244191293720,2.2171,3798.8281,8422.233491293759,2.1907,3769.5313,8257.788191293798,2.1643,3813.4766,8253.407291293836,2.2171,3754.8828,8324.803791293875,2.1907,3793.9453,8311.271591293913,2.3226,3764.6484,8743.905391293952,2.2435,3779.2969,8478.680791293990,2.3754,3779.2969,8977.425891294028,2.2962,3759.7656,8633.330191294067,2.3490,3793.9453,8912.086991294105,2.2435,3759.7656,8434.863391294144,2.2435,3798.8281,8522.498091294182,2.2435,3774.4141,8467.725691294221,2.3226,3793.9453,8811.951291294260,2.2435,3774.4141,8467.725691294298,2.1907,3779.2969,8279.181691294337,2.2435,3803.7109,8533.452191294374,2.1379,3764.6484,8048.366791294413,2.1643,3803.7109,8232.271591294451,2.2698,3754.8828,8523.012791294490,2.2698,3793.9453,8611.678791294529,2.2171,3759.7656,8335.628991294567,2.2435,3784.1797,8489.634891294606,2.2962,3784.1797,8689.390691294644,2.1643,3793.9453,8211.135791294683,2.2171,3793.9453,8411.407291294721,2.2171,3764.6484,8346.454191294759,2.2698,3798.8281,8622.761791294798,2.1907,3769.5313,8257.788191294836,2.2698,3803.7109,8633.844791294875,2.1643,3769.5313,8158.297491294913,2.1643,3803.7109,8232.271591294952,2.2435,3798.8281,8522.498091294991,2.2698,3769.5313,8556.262791295029,2.2171,3793.9453,8411.407291295068,2.2962,3769.5313,8655.753991295106,2.2171,3803.7109,8433.058691295144,2.2698,3759.7656,8534.095791295182,2.3490,3769.5313,8854.737391295221,2.3226,3789.0625,8800.609491295260,2.2435,3793.9453,8511.543991295298,2.3754,3798.8281,9023.821391295337,2.2435,3779.2969,8478.680791295375,2.2435,3808.5938,8544.406391295414,2.1907,3759.7656,8236.395591295452,2.1907,3789.0625,8300.575291295491,2.2171,3779.2969,8378.930791295529,2.2171,3774.4141,8368.105591295567,2.2435,3784.1797,8489.634891295606,2.2435,3759.7656,8434.863391295644,2.2698,3793.9453,8611.678791295683,2.2171,3754.8828,8324.803791295722,2.2171,3789.0625,8400.582091295760,2.3490,3759.7656,8831.797991295799,2.1907,3793.9453,8311.271591295837,2.2435,3784.1797,8489.634891295876,2.4282,3774.4141,9165.068491295913,2.3490,3784.1797,8889.147591295952,2.3226,3750.0000,8709.881891295991,2.3226,3784.1797,8789.268691296029,2.2171,3754.8828,8324.803791296068,2.1907,3798.8281,8321.967891296106,2.2698,3764.6484,8545.179791296145,2.3490,3774.4141,8866.207091296183,2.1907,3779.2969,8279.181691296222,2.2698,3769.5313,8556.262791296261,2.2698,3779.2969,8578.428791296299,2.2962,3764.6484,8644.542091296337,2.2962,3784.1797,8689.390691296375,2.2698,3759.7656,8534.095791296414,2.2171,3789.0625,8400.582091296453,2.2698,3793.9453,8611.678791296491,2.1907,3789.0625,8300.575291296530,2.2698,3803.7109,8633.844791296568,2.2435,3759.7656,8434.863391296607,2.2435,3789.0625,8500.588991296645,2.2962,3759.7656,8633.330191296684,2.2698,3769.5313,8556.262791296722,2.2962,3784.1797,8689.390691296760,2.2698,3774.4141,8567.345791296799,2.2698,3784.1797,8589.511791296837,2.2698,3745.1172,8500.846791296876,2.2962,3793.9453,8711.814591296914,2.2698,3754.8828,8523.012791296953,2.2698,3779.2969,8578.428791296992,2.3490,3784.1797,8889.147591297030,2.2962,3774.4141,8666.965891297069,2.2171,3803.7109,8433.058691297106,2.2171,3774.4141,8368.105591297145,2.2171,3808.5938,8443.883891297183,2.1379,3759.7656,8037.928291297222,2.2435,3808.5938,8544.406391297261,2.2435,3784.1797,8489.634891297299,2.2435,3789.0625,8500.588991297338,2.2171,3803.7109,8433.058691297376,2.1907,3789.0625,8300.575291297415,2.2962,3793.9453,8711.814591297454,2.3226,3745.1172,8698.541091297491,2.2962,3789.0625,8700.602591297530,2.2435,3769.5313,8456.771591297568,2.3226,3769.5313,8755.246191297607,2.3490,3779.2969,8877.677791297645,2.2962,3764.6484,8644.542091297684,2.4018,3789.0625,9100.630991297723,2.3490,3750.0000,8808.858491297761,2.2962,3779.2969,8678.178791297800,2.2171,3764.6484,8346.454191297838,2.3754,3789.0625,9000.623091297876,2.3226,3798.8281,8823.292091297914,2.1907,3759.7656,8236.395591297953,2.1643,3789.0625,8200.568491297992,2.2698,3750.0000,8511.929791298030,2.1907,3774.4141,8268.485491298069,2.4018,3754.8828,9018.537191298107,2.2962,3784.1797,8689.390691298146,2.2698,3789.0625,8600.595791298185,2.2698,3779.2969,8578.428791298223,2.1379,3803.7109,8131.877991298262,2.1379,3764.6484,8048.366791298299,2.1379,3808.5938,8142.316991298338,2.2698,3769.5313,8556.262791298376,2.2435,3774.4141,8467.725691298415,2.2962,3764.6484,8644.542091298454,2.2698,3764.6484,8545.179791298492,2.3226,3813.4766,8857.314591298531,2.2698,3764.6484,8545.179791298569,2.3754,3793.9453,9012.221791298608,2.2698,3735.3516,8478.679791298646,2.3490,3793.9453,8912.086991298684,2.2435,3769.5313,8456.771591298723,2.2962,3784.1797,8689.390691298761,2.1907,3798.8281,8321.967891298800,2.1907,3779.2969,8279.181691298838,2.1379,3798.8281,8121.439091298877,2.2962,3759.7656,8633.330191298916,2.1907,3803.7109,8332.665091298954,2.1643,3764.6484,8147.730091298993,2.2698,3803.7109,8633.844791299031,2.1643,3793.9453,8211.135791299069,2.2171,3779.2969,8378.930791299107,2.1907,3798.8281,8321.967891299146,2.1643,3779.2969,8179.433191299185,2.2435,3789.0625,8500.588991299223,2.2171,3750.0000,8313.977591299262,2.1907,3784.1797,8289.877991299300,2.2171,3789.0625,8400.582091299339,2.2962,3769.5313,8655.753991299377,2.2435,3779.2969,8478.680791299416,2.2962,3745.1172,8599.693491299454,2.2962,3779.2969,8678.178791299492,2.2698,3764.6484,8545.179791299531,2.2435,3784.1797,8489.634891299569,2.2435,3798.8281,8522.498091299608,2.2171,3789.0625,8400.582091299646,2.1907,3813.4766,8354.057691299685,2.1907,3754.8828,8225.698291299724,2.1115,3818.3594,8062.414191299762,2.1379,3784.1797,8090.122691299801,2.1379,3793.9453,8111.000091299838,2.1379,3774.4141,8069.244691299877,2.2435,3774.4141,8467.725691299916,2.2171,3808.5938,8443.883891299954,2.3226,3774.4141,8766.586991299993,2.2698,3784.1797,8589.511791300031,2.3754,3754.8828,8919.432691300070,2.2698,3789.0625,8600.595791300108,2.2435,3774.4141,8467.725691300147,2.1907,3798.8281,8321.967891300186,2.1643,3798.8281,8221.704191300224,2.1379,3769.5313,8058.805791300262,2.1643,3798.8281,8221.704191300300,2.1379,3764.6484,8048.366791300339,2.1907,3793.9453,8311.271591300377,2.2171,3769.5313,8357.280391300416,2.3754,3754.8828,8919.432691300455,2.3754,3769.5313,8954.228591300493,2.3490,3750.0000,8808.858491300532,2.2171,3789.0625,8400.582091300570,2.1907,3754.8828,8225.698291300609,2.2171,3808.5938,8443.883891300647,2.0059,3793.9453,7610.320891300685,2.0587,3798.8281,7820.645091300724,2.0851,3813.4766,7951.453191300762,2.1643,3784.1797,8190.000591300801,2.2698,3808.5938,8644.928791300839,2.2435,3769.5313,8456.771591300878,2.1907,3808.5938,8343.361391300917,2.2962,3769.5313,8655.753991300955,2.3490,3789.0625,8900.617291300994,2.3490,3779.2969,8877.677791301031,2.3754,3764.6484,8942.629991301070,2.3490,3779.2969,8877.677791301108,2.2962,3759.7656,8633.330191301147,2.2171,3798.8281,8422.233491301186,2.3226,3769.5313,8755.246191301224,2.1379,3779.2969,8079.683691301263,2.2962,3798.8281,8723.027391301301,2.2435,3779.2969,8478.680791301340,2.2171,3813.4766,8454.709091301379,2.2171,3769.5313,8357.280391301416,2.2171,3813.4766,8454.709091301455,2.1907,3774.4141,8268.485491301493,2.2171,3798.8281,8422.233491301532,2.1907,3779.2969,8279.181691301570,2.2962,3784.1797,8689.390691301609,2.3226,3793.9453,8811.951291301648,2.3754,3769.5313,8954.228591301686,2.3754,3798.8281,9023.821391301725,2.3226,3759.7656,8732.563591301763,2.2698,3789.0625,8600.595791301801,2.2962,3764.6484,8644.542091301839,2.2698,3784.1797,8589.511791301878,2.2698,3764.6484,8545.179791301917,2.2435,3769.5313,8456.771591301955,2.2698,3789.0625,8600.595791301994,2.1907,3759.7656,8236.395591302032,2.1643,3789.0625,8200.568491302071,2.1115,3774.4141,7969.624091302109,2.1907,3808.5938,8343.361391302148,2.1379,3784.1797,8090.122691302187,2.2698,3793.9453,8611.678791302224,2.2171,3793.9453,8411.407291302263,2.2962,3764.6484,8644.542091302301,2.2171,3754.8828,8324.803791302340,2.2962,3764.6484,8644.542091302379,2.3754,3793.9453,9012.221791302417,2.2171,3764.6484,8346.454191302456,2.2171,3793.9453,8411.407291302494,2.2171,3798.8281,8422.233491302533,2.2435,3774.4141,8467.725691302571,2.1643,3798.8281,8221.704191302609,2.2698,3754.8828,8523.012791302648,2.3226,3808.5938,8845.973691302686,2.2435,3769.5313,8456.771591302725,2.1907,3774.4141,8268.485491302763,2.1643,3798.8281,8221.704191302802,2.2962,3784.1797,8689.390691302840,2.2435,3813.4766,8555.361391302879,2.1907,3754.8828,8225.698291302918,2.1907,3798.8281,8321.967891302956,2.2171,3759.7656,8335.628991302994,2.1907,3789.0625,8300.575291303032,2.2171,3769.5313,8357.280391303071,2.3226,3789.0625,8800.609491303110,2.2171,3793.9453,8411.407291303148,2.1643,3769.5313,8158.297491303187,2.2435,3808.5938,8544.406391303225,2.1907,3764.6484,8247.091891303264,2.2435,3798.8281,8522.498091303302,2.3226,3759.7656,8732.563591303341,2.3226,3774.4141,8766.586991303379,2.2435,3774.4141,8467.725691303417,2.3754,3774.4141,8965.827191303456,2.2962,3808.5938,8745.451291303494,2.1643,3759.7656,8137.162191303533,2.1379,3808.5938,8142.316991303571,2.1115,3764.6484,7949.003991303610,2.1643,3784.1797,8190.000591303649,2.1643,3784.1797,8190.000591303687,2.2435,3789.0625,8500.588991303726,2.3226,3784.1797,8789.268691303763,2.2698,3764.6484,8545.179791303802,2.2962,3793.9453,8711.814591303841,2.2171,3769.5313,8357.280391303879,2.1907,3793.9453,8311.271591303918,2.2698,3774.4141,8567.345791303956,2.2171,3784.1797,8389.756891303995,2.1115,3789.0625,8000.554291304033,2.1115,3789.0625,8000.554291304072,2.1643,3803.7109,8232.271591304111,2.1643,3774.4141,8168.865291304148,2.2435,3798.8281,8522.498091304187,2.2962,3769.5313,8655.753991304225,2.2435,3798.8281,8522.498091304264,2.2435,3779.2969,8478.680791304302,2.3226,3774.4141,8766.586991304341,2.1379,3798.8281,8121.439091304380,2.2962,3769.5313,8655.753991304418,2.1643,3808.5938,8242.839891304457,2.2962,3774.4141,8666.965891304495,2.2171,3793.9453,8411.407291304534,2.2171,3759.7656,8335.628991304571,2.2171,3779.2969,8378.930791304610,2.1907,3793.9453,8311.271591304649,2.2435,3784.1797,8489.634891304687,2.1643,3803.7109,8232.271591304726,2.2171,3759.7656,8335.628991304764,2.1643,3769.5313,8158.297491304803,2.2171,3769.5313,8357.280391304842,2.2435,3793.9453,8511.543991304880,2.1643,3789.0625,8200.568491304919,2.1643,3793.9453,8211.135791304956,2.2171,3803.7109,8433.058691304995,2.2435,3759.7656,8434.863391305033,2.2962,3798.8281,8723.027391305072,2.1907,3759.7656,8236.395591305111,2.2171,3789.0625,8400.582091305149,2.3226,3774.4141,8766.586991305188,2.3226,3784.1797,8789.268691305226,2.2698,3793.9453,8611.678791305265,2.2171,3779.2969,8378.930791305303,2.2435,3798.8281,8522.498091305341,2.3226,3764.6484,8743.905391305380,2.2171,3808.5938,8443.883891305418,2.1907,3764.6484,8247.091891305457,2.1907,3789.0625,8300.575291305495,2.2435,3789.0625,8500.588991305534,2.3226,3779.2969,8777.927791305573,2.1907,3803.7109,8332.665091305611,2.2171,3754.8828,8324.803791305650,2.2435,3808.5938,8544.406391305688,2.2171,3764.6484,8346.454191305726,2.1907,3789.0625,8300.575291305764,2.1379,3793.9453,8111.000091305803,2.1115,3779.2969,7979.934191305842,2.1907,3789.0625,8300.575291305880,2.2435,3769.5313,8456.771591305919,2.1907,3808.5938,8343.361391305957,2.1115,3769.5313,7959.314091305996,2.1907,3808.5938,8343.361391306034,2.1643,3779.2969,8179.433191306073,2.2698,3779.2969,8578.428791306112,2.2698,3793.9453,8611.678791306149,2.1907,3774.4141,8268.485491306188,2.2962,3803.7109,8734.239391306226,2.3226,3759.7656,8732.563591306265,2.2171,3803.7109,8433.058691306304,2.3226,3764.6484,8743.905391306342,2.2698,3779.2969,8578.428791306381,2.2435,3789.0625,8500.588991306419,2.1643,3779.2969,8179.433191306458,2.3754,3784.1797,8989.024491306496,2.1643,3769.5313,8158.297491306534,2.2435,3789.0625,8500.588991306573,2.3226,3754.8828,8721.222791306611,2.2698,3789.0625,8600.595791306650,2.4018,3759.7656,9030.264691306688,2.3490,3779.2969,8877.677791306727,2.3490,3769.5313,8854.737391306765,2.3490,3759.7656,8831.797991306804,2.2698,3779.2969,8578.428791306843,2.2435,3759.7656,8434.863391306881,2.2698,3793.9453,8611.678791306919,2.2435,3754.8828,8423.908291306957,2.1907,3793.9453,8311.271591306996,2.2435,3774.4141,8467.725691307034,2.1907,3793.9453,8311.271591307073,2.1379,3789.0625,8100.561091307112,2.0851,3793.9453,7910.729091307150,2.1643,3813.4766,8253.407291307189,2.1379,3774.4141,8069.244691307227,2.1907,3779.2969,8279.181691307266,2.1379,3774.4141,8069.244691307304,2.0587,3798.8281,7820.645091307342,2.1643,3779.2969,8179.433191307381,2.2435,3779.2969,8478.680791307419,2.3226,3798.8281,8823.292091307458,2.3226,3769.5313,8755.246191307496,2.1907,3803.7109,8332.665091307535,2.2698,3769.5313,8556.262791307574,2.2962,3793.9453,8711.814591307612,2.2962,3754.8828,8622.118291307651,2.3226,3764.6484,8743.905391307688,2.2698,3769.5313,8556.262791307727,2.2962,3784.1797,8689.390691307765,2.2171,3789.0625,8400.582091307804,2.2171,3779.2969,8378.930791307843,2.3226,3803.7109,8834.632891307881,2.1907,3774.4141,8268.485491307920,2.1643,3803.7109,8232.271591307958,2.1907,3774.4141,8268.485491307997,2.1907,3784.1797,8289.877991308036,2.2171,3774.4141,8368.105591308073,2.2171,3774.4141,8368.105591308112,2.1907,3789.0625,8300.575291308150,2.2698,3769.5313,8556.262791308189,2.2435,3793.9453,8511.543991308227,2.2171,3759.7656,8335.628991308266,2.2698,3789.0625,8600.595791308305,2.3490,3764.6484,8843.267691308343,2.2698,3784.1797,8589.511791308382,2.2698,3779.2969,8578.428791308420,2.2171,3769.5313,8357.280391308459,2.2962,3789.0625,8700.602591308496,2.2698,3769.5313,8556.262791308535,2.2171,3793.9453,8411.407291308574,2.2171,3759.7656,8335.628991308612,2.2698,3784.1797,8589.511791308651,2.2962,3769.5313,8655.753991308689,2.2698,3784.1797,8589.511791308728,2.2435,3784.1797,8489.634891308767,2.1907,3789.0625,8300.575291308805,2.2171,3808.5938,8443.883891308844,2.1907,3769.5313,8257.788191308881,2.1907,3798.8281,8321.967891308920,2.1643,3774.4141,8168.865291308958,2.1379,3808.5938,8142.316991308997,2.1115,3779.2969,7979.934191309036,2.2698,3798.8281,8622.761791309074,2.2698,3789.0625,8600.595791309113,2.2171,3774.4141,8368.105591309151,2.2962,3789.0625,8700.602591309190,2.3754,3750.0000,8907.833091309228,2.4018,3789.0625,9100.630991309266,2.2435,3750.0000,8412.954191309305,2.3226,3779.2969,8777.927791309343,2.2698,3784.1797,8589.511791309382,2.1907,3779.2969,8279.181691309420,2.1643,3813.4766,8253.407291309459,2.1379,3769.5313,8058.805791309497,2.1115,3803.7109,8031.483991309536,2.1907,3769.5313,8257.788191309575,2.1643,3798.8281,8221.704191309613,2.2962,3764.6484,8644.542091309651,2.3754,3769.5313,8954.228591309689,2.3226,3750.0000,8709.881891309728,2.2962,3754.8828,8622.118291309767,2.2698,3798.8281,8622.761791309805,2.2435,3759.7656,8434.863391309844,2.1115,3793.9453,8010.864391309882,2.1643,3784.1797,8190.000591309921,2.1115,3798.8281,8021.173891309959,2.1379,3798.8281,8121.439091309998,2.1907,3789.0625,8300.575291310036,2.2171,3793.9453,8411.407291310074,2.5602,3730.4688,9550.661191310113,2.5338,3740.2344,9476.944391310151,2.5074,3735.3516,9365.984491310190,2.1379,3774.4141,8069.244691310228,2.1643,3793.9453,8211.135791310267,2.0851,3789.0625,7900.547991310306,1.9267,3833.0078,7385.176891310344,1.9003,3793.9453,7209.777891310383,2.0323,3828.1250,7779.920491310420,1.9003,3808.5938,7237.614791310459,1.9003,3818.3594,7256.172991310498,2.0587,3798.8281,7820.645091310536,1.9267,3818.3594,7356.953191310575,1.9531,3808.5938,7438.659791310613,2.0323,3764.6484,7650.916591310652,2.0059,3823.2422,7669.087491310690,2.0587,3774.4141,7770.383891310729,2.1115,3793.9453,8010.864391310768,2.0851,3789.0625,7900.547991310806,2.0587,3803.7109,7830.697391310844,2.1907,3803.7109,8332.665091310882,1.7948,3828.1250,6870.579191310921,1.4780,3901.3672,5766.378991310959,1.2933,3881.8359,5020.322391310998,1.1877,3930.6641,4668.493791311037,1.2405,3896.4844,4833.582091311075,1.4516,3896.4844,5656.319391311114,1.2669,3896.4844,4936.424391311152,1.2669,3886.7188,4924.052291311191,1.0821,3925.7813,4248.232491311229,1.1349,3896.4844,4422.213491311267,0.2375,4023.4375,955.736391311305,0.1584,4028.3203,637.930891311342,0.2375,4028.3203,956.896291311380,0.2111,4033.2031,851.605491311417,0.2111,4033.2031,851.605491311455,0.2111,4033.2031,851.605491311492,0.2111,4033.2031,851.605491311529,0.1848,4023.4375,743.350591311567,0.3167,4038.0859,1278.954591311605,0.1584,4023.4375,637.157591311643,0.2639,4028.3203,1063.218091311681,0.1584,4038.0859,639.477291311719,0.1584,4033.2031,638.704091311756,0.1584,4038.0859,639.477291311794,0.1584,4033.2031,638.704091311832,0.2375,4033.2031,958.056091311868,0.1584,4033.2031,638.704091311906,0.2111,4033.2031,851.605491311943,0.2111,4038.0859,852.636491311981,0.2903,4033.2031,1170.957491312019,0.1584,4033.2031,638.704091312057,0.2111,4038.0859,852.636491312095,0.1584,4033.2031,638.704091312132,0.1848,4023.4375,743.350591312169,0.1848,4018.5547,742.448491312206,0.1848,4038.0859,746.056991312244,0.2375,4038.0859,959.215991312281,0.1848,4038.0859,746.056991312319,0.1584,4038.0859,639.4772